function Pnew = calcPupdate(P00,P01,P02,P10,P11,P12,P20,P21,P22,velObsVar)
%CALCPUPDATE
%    PNEW = CALCPUPDATE(P00,P01,P02,P10,P11,P12,P20,P21,P22,VELOBSVAR)

%    This function was generated by the Symbolic Math Toolbox version 6.2.
%    17-Nov-2019 20:05:16

t2 = P00.*velObsVar;
t3 = P11.*velObsVar;
t4 = velObsVar.^2;
t5 = P00.*P11;
t9 = P01.*P10;
t6 = t2+t3+t4+t5-t9;
t7 = 1.0./t6;
t8 = P11+velObsVar;
t10 = P00+velObsVar;
t11 = P00.*P01.*t7;
t15 = P01.*t7.*t10;
t12 = t11-t15;
t13 = P01.*P10.*t7;
t16 = P00.*t7.*t8;
t14 = t13-t16;
t17 = t8.*t12;
t18 = P01.*t14;
t19 = t17+t18;
t20 = t10.*t14;
t21 = P10.*t12;
t22 = t20+t21;
t27 = P11.*t7.*t10;
t23 = t13-t27;
t24 = P10.*P11.*t7;
t26 = P10.*t7.*t8;
t25 = t24-t26;
t28 = t8.*t23;
t29 = P01.*t25;
t30 = t28+t29;
t31 = t10.*t25;
t32 = P10.*t23;
t33 = t31+t32;
t34 = P01.*P20.*t7;
t38 = P21.*t7.*t10;
t35 = t34-t38;
t36 = P10.*P21.*t7;
t39 = P20.*t7.*t8;
t37 = t36-t39;
t40 = t8.*t35;
t41 = P01.*t37;
t42 = t40+t41;
t43 = t10.*t37;
t44 = P10.*t35;
t45 = t43+t44;
Pnew = reshape([P00-t12.*t19-t14.*t22,P10-t12.*t30-t14.*t33,P20-t12.*t42-t14.*t45,P01-t19.*t23-t22.*t25,P11-t23.*t30-t25.*t33,P21-t23.*t42-t25.*t45,P02-t19.*t35-t22.*t37,P12-t30.*t35-t33.*t37,P22-t35.*t42-t37.*t45],[3, 3]);
